{
    "camera_data": {
        "camera_look_at": {
            "at": [
                1.0,
                0.0,
                0.0
            ],
            "eye": [
                0.0,
                0.0,
                0.0
            ],
            "up": [
                0.0,
                0.0,
                1.0
            ]
        },
        "camera_view_matrix": [
            [
                0.0,
                0.0,
                -1.0,
                0.0
            ],
            [
                -1.0,
                0.0,
                0.0,
                0.0
            ],
            [
                0.0,
                1.0,
                0.0,
                0.0
            ],
            [
                0.0,
                0.0,
                0.0,
                1.0
            ]
        ],
        "height": 500,
        "intrinsics": {
            "cx": 250.0,
            "cy": 250.0,
            "fx": 603.5535278320312,
            "fy": 603.5535278320312
        },
        "location_world": [
            0.0,
            0.0,
            0.0
        ],
        "quaternion_world_xyzw": [
            0.5,
            -0.5,
            -0.5,
            0.5
        ],
        "width": 500
    },
    "objects": [
        {
            "bounding_box_minx_maxx_miny_maxy": [
                400,
                499,
                213,
                263
            ],
            "class": "Philips",
            "local_cuboid": null,
            "local_to_world_matrix": [
                [
                    0.6398172378540039,
                    -0.7243281006813049,
                    -0.25687095522880554,
                    0.0
                ],
                [
                    0.07856518030166626,
                    -0.27084124088287354,
                    0.9594126343727112,
                    0.0
                ],
                [
                    -0.7645007371902466,
                    -0.6340299248695374,
                    -0.11638200283050537,
                    0.0
                ],
                [
                    1.8435345888137817,
                    -0.5144073367118835,
                    0.05908166244626045,
                    1.0
                ]
            ],
            "location": [
                0.5144073367118835,
                0.05908166244626045,
                -1.8435345888137817
            ],
            "location_world": [
                1.8435345888137817,
                -0.5144073367118835,
                0.05908166244626045
            ],
            "name": "google_Philips_Sonicare_Tooth_Brush_2_count_0",
            "projected_cuboid": [
                [
                    502.95621156692505,
                    264.7291421890259
                ],
                [
                    511.6434097290039,
                    229.62689399719238
                ],
                [
                    437.6934766769409,
                    222.68906235694885
                ],
                [
                    429.53401803970337,
                    254.3410360813141
                ],
                [
                    472.65323996543884,
                    248.7027794122696
                ],
                [
                    482.10322856903076,
                    211.22270822525024
                ],
                [
                    406.55267238616943,
                    205.74674010276794
                ],
                [
                    397.7353572845459,
                    239.3191158771515
                ],
                [
                    453.6488652229309,
                    234.56156253814697
                ]
            ],
            "provenance": "visii",
            "quaternion_xyzw": [
                0.010182522237300873,
                0.3429955840110779,
                -0.1420915424823761,
                0.928472101688385
            ],
            "quaternion_xyzw_world": [
                0.7118708491325378,
                -0.22678373754024506,
                -0.3586927652359009,
                0.5595967769622803
            ],
            "segmentation_id": 1,
            "visibility": 1
        },
        {
            "bounding_box_minx_maxx_miny_maxy": [
                0,
                45,
                104,
                166
            ],
            "class": "Markings",
            "local_cuboid": null,
            "local_to_world_matrix": [
                [
                    0.4438093900680542,
                    -0.2424180507659912,
                    -0.8627089262008667,
                    0.0
                ],
                [
                    0.8867287635803223,
                    -0.02021968364715576,
                    0.4618476629257202,
                    0.0
                ],
                [
                    -0.12940385937690735,
                    -0.9699611663818359,
                    0.20598536729812622,
                    0.0
                ],
                [
                    1.5730723142623901,
                    0.6985636353492737,
                    0.2900116443634033,
                    1.0
                ]
            ],
            "location": [
                -0.6985636353492737,
                0.2900116443634033,
                -1.5730723142623901
            ],
            "location_world": [
                1.5730723142623901,
                0.6985636353492737,
                0.2900116443634033
            ],
            "name": "google_Markings_Desk_Caddy_1",
            "projected_cuboid": [
                [
                    9.254321455955505,
                    166.82803630828857
                ],
                [
                    47.91991412639618,
                    131.70568645000458
                ],
                [
                    11.340886354446411,
                    140.83817601203918
                ],
                [
                    -33.42679142951965,
                    177.23020911216736
                ],
                [
                    -9.695976972579956,
                    125.08825957775116
                ],
                [
                    33.01319479942322,
                    95.50032019615173
                ],
                [
                    -4.452645778656006,
                    105.20154237747192
                ],
                [
                    -53.58535051345825,
                    136.26205921173096
                ],
                [
                    1.9018948078155518,
                    133.77134501934052
                ]
            ],
            "provenance": "visii",
            "quaternion_xyzw": [
                -0.40347445011138916,
                0.5220215320587158,
                -0.32601308822631836,
                0.6770652532577515
            ],
            "quaternion_xyzw_world": [
                0.5608127117156982,
                0.28722187876701355,
                -0.44226565957069397,
                0.638274073600769
            ],
            "segmentation_id": 2,
            "visibility": 1
        },
        {
            "bounding_box_minx_maxx_miny_maxy": [
                250,
                361,
                234,
                360
            ],
            "class": "Perricone",
            "local_cuboid": null,
            "local_to_world_matrix": [
                [
                    -0.08852052688598633,
                    0.7742599248886108,
                    0.6266463994979858,
                    0.0
                ],
                [
                    0.3385111391544342,
                    0.615056037902832,
                    -0.7121209502220154,
                    0.0
                ],
                [
                    -0.9367893934249878,
                    0.14908945560455322,
                    -0.3165407180786133,
                    0.0
                ],
                [
                    1.3409030437469482,
                    -0.11293912678956985,
                    -0.07545911520719528,
                    1.0
                ]
            ],
            "location": [
                0.11293912678956985,
                -0.07545911520719528,
                -1.3409030437469482
            ],
            "location_world": [
                1.3409030437469482,
                -0.11293912678956985,
                -0.07545911520719528
            ],
            "name": "google_Perricone_MD_Best_of_Perricone_7Piece_Collection_MEGsO6GIsyL_2",
            "projected_cuboid": [
                [
                    251.48704648017883,
                    247.18528985977173
                ],
                [
                    228.69856655597687,
                    273.59282970428467
                ],
                [
                    238.74464631080627,
                    254.1152834892273
                ],
                [
                    259.738951921463,
                    229.6352982521057
                ],
                [
                    364.521324634552,
                    338.7555480003357
                ],
                [
                    339.9145007133484,
                    362.74856328964233
                ],
                [
                    340.43005108833313,
                    336.1600935459137
                ],
                [
                    362.94156312942505,
                    313.71545791625977
                ],
                [
                    298.8422214984894,
                    294.5574223995209
                ]
            ],
            "provenance": "visii",
            "quaternion_xyzw": [
                -0.016368389129638672,
                -0.17702370882034302,
                0.9250905513763428,
                0.33556240797042847
            ],
            "quaternion_xyzw_world": [
                -0.391460120677948,
                -0.7106541395187378,
                0.1980680376291275,
                0.5499988198280334
            ],
            "segmentation_id": 3,
            "visibility": 1
        },
        {
            "bounding_box_minx_maxx_miny_maxy": [
                -1,
                -1,
                -1,
                -1
            ],
            "class": "Reebok",
            "local_cuboid": null,
            "local_to_world_matrix": [
                [
                    -0.7906637191772461,
                    0.3831891417503357,
                    -0.47751110792160034,
                    0.0
                ],
                [
                    0.6107169985771179,
                    0.43844467401504517,
                    -0.6593868732452393,
                    0.0
                ],
                [
                    -0.04330770671367645,
                    -0.8129774332046509,
                    -0.5806823968887329,
                    0.0
                ],
                [
                    0.48566314578056335,
                    -0.05936820060014725,
                    -0.2525792419910431,
                    1.0
                ]
            ],
            "location": [
                0.05936820060014725,
                -0.2525792419910431,
                -0.48566314578056335
            ],
            "location_world": [
                0.48566314578056335,
                -0.05936820060014725,
                -0.2525792419910431
            ],
            "name": "google_Reebok_RETRO_RUSH_2V_3",
            "projected_cuboid": [
                [
                    507.60090351104736,
                    646.0415124893188
                ],
                [
                    330.6489586830139,
                    711.5077972412109
                ],
                [
                    246.04737758636475,
                    648.0851173400879
                ],
                [
                    392.40163564682007,
                    561.6503953933716
                ],
                [
                    512.5399827957153,
                    538.428783416748
                ],
                [
                    353.78652811050415,
                    621.296763420105
                ],
                [
                    278.2104015350342,
                    565.3510093688965
                ],
                [
                    413.45906257629395,
                    466.7961299419403
                ],
                [
                    369.2690432071686,
                    597.3818898200989
                ]
            ],
            "provenance": "visii",
            "quaternion_xyzw": [
                -0.5551779270172119,
                0.41246047616004944,
                -0.7221294045448303,
                0.013524740934371948
            ],
            "quaternion_xyzw_world": [
                0.2964683771133423,
                0.8381215333938599,
                -0.4391857981681824,
                0.1295168399810791
            ],
            "segmentation_id": 4,
            "visibility": 0
        },
        {
            "bounding_box_minx_maxx_miny_maxy": [
                0,
                22,
                91,
                161
            ],
            "class": "Grreat",
            "local_cuboid": null,
            "local_to_world_matrix": [
                [
                    -0.35255908966064453,
                    -0.8240843415260315,
                    -0.4433813691139221,
                    0.0
                ],
                [
                    -0.743521511554718,
                    -0.041016340255737305,
                    0.6674529910087585,
                    0.0
                ],
                [
                    -0.5682234168052673,
                    0.5649802088737488,
                    -0.5982637405395508,
                    0.0
                ],
                [
                    1.2309696674346924,
                    0.5732387900352478,
                    0.30750536918640137,
                    1.0
                ]
            ],
            "location": [
                -0.5732387900352478,
                0.30750536918640137,
                -1.2309696674346924
            ],
            "location_world": [
                1.2309696674346924,
                0.5732387900352478,
                0.30750536918640137
            ],
            "name": "google_Grreat_Choice_Dog_Double_Dish_Plastic_Blue_4",
            "projected_cuboid": [
                [
                    4.830285906791687,
                    189.62186574935913
                ],
                [
                    -23.3423113822937,
                    109.55065488815308
                ],
                [
                    14.42427933216095,
                    88.14720809459686
                ],
                [
                    37.25379705429077,
                    167.5625741481781
                ],
                [
                    -100.97840428352356,
                    126.20049715042114
                ],
                [
                    -138.92748951911926,
                    46.69012129306793
                ],
                [
                    -100.33944249153137,
                    29.829323291778564
                ],
                [
                    -67.69204139709473,
                    108.29320549964905
                ],
                [
                    -48.33611845970154,
                    108.84203016757965
                ]
            ],
            "provenance": "visii",
            "quaternion_xyzw": [
                -0.38353878259658813,
                0.2622714042663574,
                0.13846126198768616,
                -0.87460857629776
            ],
            "quaternion_xyzw_world": [
                -0.5671685934066772,
                0.6909787654876709,
                0.4459012448787689,
                -0.04516855999827385
            ],
            "segmentation_id": 5,
            "visibility": 1
        },
        {
            "bounding_box_minx_maxx_miny_maxy": [
                -1,
                -1,
                -1,
                -1
            ],
            "class": "Office",
            "local_cuboid": null,
            "local_to_world_matrix": [
                [
                    0.8682214021682739,
                    0.4640659689903259,
                    -0.17559722065925598,
                    0.0
                ],
                [
                    0.3917882442474365,
                    -0.8583470582962036,
                    -0.3312737047672272,
                    0.0
                ],
                [
                    -0.3044562339782715,
                    0.21882197260856628,
                    -0.9270508289337158,
                    0.0
                ],
                [
                    0.9961059093475342,
                    0.6319183707237244,
                    -0.5266605615615845,
                    1.0
                ]
            ],
            "location": [
                -0.6319183707237244,
                -0.5266605615615845,
                -0.9961059093475342
            ],
            "location_world": [
                0.9961059093475342,
                0.6319183707237244,
                -0.5266605615615845
            ],
            "name": "google_Office_Depot_Canon_PG_240XL_Ink_Cartridge_Black_5206B001_5",
            "projected_cuboid": [
                [
                    -177.1795153617859,
                    638.5098695755005
                ],
                [
                    -143.57274770736694,
                    640.8499479293823
                ],
                [
                    -114.97282981872559,
                    563.811719417572
                ],
                [
                    -146.85556292533875,
                    560.0982904434204
                ],
                [
                    -185.73275208473206,
                    660.3013277053833
                ],
                [
                    -149.25697445869446,
                    662.3767614364624
                ],
                [
                    -118.24008822441101,
                    578.5967111587524
                ],
                [
                    -152.69795060157776,
                    574.892520904541
                ],
                [
                    -148.00018072128296,
                    608.8484525680542
                ]
            ],
            "provenance": "visii",
            "quaternion_xyzw": [
                0.3750838339328766,
                0.4550648331642151,
                -0.7245336174964905,
                0.35676199197769165
            ],
            "quaternion_xyzw_world": [
                0.9557221531867981,
                0.22387631237506866,
                -0.12557348608970642,
                -0.14389529824256897
            ],
            "segmentation_id": 6,
            "visibility": 0
        },
        {
            "bounding_box_minx_maxx_miny_maxy": [
                277,
                348,
                187,
                268
            ],
            "class": "SAMBA",
            "local_cuboid": null,
            "local_to_world_matrix": [
                [
                    -0.40215110778808594,
                    0.8235132694244385,
                    0.40012553334236145,
                    0.0
                ],
                [
                    0.3831981420516968,
                    0.5482937097549438,
                    -0.7433257699012756,
                    0.0
                ],
                [
                    -0.8315249681472778,
                    -0.14560192823410034,
                    -0.5360656976699829,
                    0.0
                ],
                [
                    1.6541011333465576,
                    -0.16601651906967163,
                    0.0632384791970253,
                    1.0
                ]
            ],
            "location": [
                0.16601651906967163,
                0.0632384791970253,
                -1.6541011333465576
            ],
            "location_world": [
                1.6541011333465576,
                -0.16601651906967163,
                0.0632384791970253
            ],
            "name": "google_SAMBA_HEMP_6",
            "projected_cuboid": [
                [
                    339.06179666519165,
                    196.1013376712799
                ],
                [
                    272.81343936920166,
                    281.26633167266846
                ],
                [
                    265.8843398094177,
                    258.59853625297546
                ],
                [
                    327.820748090744,
                    176.75305902957916
                ],
                [
                    369.8952794075012,
                    213.69501948356628
                ],
                [
                    303.21675539016724,
                    295.53279280662537
                ],
                [
                    294.8516011238098,
                    272.65214920043945
                ],
                [
                    357.204794883728,
                    193.84783506393433
                ],
                [
                    315.2850270271301,
                    237.27135360240936
                ]
            ],
            "provenance": "visii",
            "quaternion_xyzw": [
                -0.14856617152690887,
                0.24933041632175446,
                -0.9217326641082764,
                -0.25723814964294434
            ],
            "quaternion_xyzw_world": [
                0.3826293349266052,
                0.7884336709976196,
                -0.28186509013175964,
                -0.3905371129512787
            ],
            "segmentation_id": 7,
            "visibility": 1
        },
        {
            "bounding_box_minx_maxx_miny_maxy": [
                186,
                223,
                439,
                500
            ],
            "class": "Mens",
            "local_cuboid": null,
            "local_to_world_matrix": [
                [
                    -0.7172435522079468,
                    -0.6882200837135315,
                    -0.10915699601173401,
                    0.0
                ],
                [
                    -0.2072744518518448,
                    0.06115567684173584,
                    0.9763695597648621,
                    0.0
                ],
                [
                    -0.6652814149856567,
                    0.7229200005531311,
                    -0.18651413917541504,
                    0.0
                ],
                [
                    1.8219612836837769,
                    0.11213092505931854,
                    -0.6915793418884277,
                    1.0
                ]
            ],
            "location": [
                -0.11213092505931854,
                -0.6915793418884277,
                -1.8219612836837769
            ],
            "location_world": [
                1.8219612836837769,
                0.11213092505931854,
                -0.6915793418884277
            ],
            "name": "google_Mens_Bahama_in_Khaki_Oyster_xU2jeqYwhQJ_7",
            "projected_cuboid": [
                [
                    204.56910133361816,
                    543.6069965362549
                ],
                [
                    196.72471284866333,
                    454.12957668304443
                ],
                [
                    220.66530585289001,
                    441.52534008026123
                ],
                [
                    227.4683117866516,
                    528.4944176673889
                ],
                [
                    182.94019997119904,
                    527.985692024231
                ],
                [
                    174.6971309185028,
                    441.73112511634827
                ],
                [
                    198.38088750839233,
                    430.03934621810913
                ],
                [
                    205.61906695365906,
                    513.9564275741577
                ],
                [
                    201.41124725341797,
                    485.6528639793396
                ]
            ],
            "provenance": "visii",
            "quaternion_xyzw": [
                -0.10789945721626282,
                0.3946099877357483,
                0.013152509927749634,
                -0.9123967289924622
            ],
            "quaternion_xyzw_world": [
                -0.31941935420036316,
                0.7008768320083618,
                0.6061298847198486,
                -0.1983673870563507
            ],
            "segmentation_id": 8,
            "visibility": 1
        },
        {
            "bounding_box_minx_maxx_miny_maxy": [
                -1,
                -1,
                -1,
                -1
            ],
            "class": "Reebok",
            "local_cuboid": null,
            "local_to_world_matrix": [
                [
                    -0.8858914375305176,
                    -0.3946415185928345,
                    0.24383296072483063,
                    0.0
                ],
                [
                    0.21322447061538696,
                    0.12040281295776367,
                    0.9695557951927185,
                    0.0
                ],
                [
                    -0.4119851589202881,
                    0.9109123349189758,
                    -0.022516608238220215,
                    0.0
                ],
                [
                    1.0062944889068604,
                    0.5698339939117432,
                    0.14300411939620972,
                    1.0
                ]
            ],
            "location": [
                -0.5698339939117432,
                0.14300411939620972,
                -1.0062944889068604
            ],
            "location_world": [
                1.0062944889068604,
                0.5698339939117432,
                0.14300411939620972
            ],
            "name": "google_Reebok_SH_PRIME_COURT_MID_8",
            "projected_cuboid": [
                [
                    -182.2718381881714,
                    219.23625469207764
                ],
                [
                    -177.78590321540833,
                    86.13485097885132
                ],
                [
                    -94.52059864997864,
                    92.31878817081451
                ],
                [
                    -94.70239281654358,
                    219.12609040737152
                ],
                [
                    -169.36862468719482,
                    234.7833812236786
                ],
                [
                    -165.80602526664734,
                    111.01062595844269
                ],
                [
                    -89.06757831573486,
                    115.65814912319183
                ],
                [
                    -88.98848295211792,
                    233.96897315979004
                ],
                [
                    -131.63703680038452,
                    162.96565532684326
                ]
            ],
            "provenance": "visii",
            "quaternion_xyzw": [
                0.05722883343696594,
                0.5391959547996521,
                -0.1093021109700203,
                -0.8330940008163452
            ],
            "quaternion_xyzw_world": [
                -0.06368355453014374,
                0.7121816277503967,
                0.6601083278656006,
                -0.23021449148654938
            ],
            "segmentation_id": 9,
            "visibility": 0
        },
        {
            "bounding_box_minx_maxx_miny_maxy": [
                267,
                360,
                302,
                349
            ],
            "class": "U",
            "local_cuboid": null,
            "local_to_world_matrix": [
                [
                    0.5417489409446716,
                    -0.7328730225563049,
                    -0.4115886390209198,
                    0.0
                ],
                [
                    -0.26363158226013184,
                    0.3168109059333801,
                    -0.9111142754554749,
                    0.0
                ],
                [
                    0.7981268167495728,
                    0.6021029353141785,
                    -0.021576523780822754,
                    0.0
                ],
                [
                    1.506187081336975,
                    -0.2219998836517334,
                    -0.18344584107398987,
                    1.0
                ]
            ],
            "location": [
                0.2219998836517334,
                -0.18344584107398987,
                -1.506187081336975
            ],
            "location_world": [
                1.506187081336975,
                -0.2219998836517334,
                -0.18344584107398987
            ],
            "name": "google_U_By_Kotex_Cleanwear_Heavy_Flow_Pads_32_Ct_9",
            "projected_cuboid": [
                [
                    313.143253326416,
                    307.54974484443665
                ],
                [
                    300.98283290863037,
                    346.913605928421
                ],
                [
                    350.71784257888794,
                    354.83086109161377
                ],
                [
                    363.0659282207489,
                    311.5200996398926
                ],
                [
                    278.24002504348755,
                    288.97109627723694
                ],
                [
                    264.83407616615295,
                    329.83651757240295
                ],
                [
                    313.4244382381439,
                    336.4013433456421
                ],
                [
                    327.1774649620056,
                    291.2638187408447
                ],
                [
                    313.27247619628906,
                    320.804625749588
                ]
            ],
            "provenance": "visii",
            "quaternion_xyzw": [
                -0.9276467561721802,
                0.19630300998687744,
                0.30826708674430847,
                -0.07686332613229752
            ],
            "quaternion_xyzw_world": [
                -0.5582370758056641,
                0.4462730288505554,
                -0.17310665547847748,
                0.677676796913147
            ],
            "segmentation_id": 10,
            "visibility": 1
        },
        {
            "bounding_box_minx_maxx_miny_maxy": [
                69,
                88,
                1,
                31
            ],
            "class": "Schleich",
            "local_cuboid": null,
            "local_to_world_matrix": [
                [
                    -0.0855708122253418,
                    0.9561372399330139,
                    -0.2801414132118225,
                    0.0
                ],
                [
                    -0.624666154384613,
                    -0.27053213119506836,
                    -0.7325328588485718,
                    0.0
                ],
                [
                    -0.7761892676353455,
                    0.11231139302253723,
                    0.6204162836074829,
                    0.0
                ],
                [
                    1.8955622911453247,
                    0.5271317362785339,
                    0.715684711933136,
                    1.0
                ]
            ],
            "location": [
                -0.5271317362785339,
                0.715684711933136,
                -1.8955622911453247
            ],
            "location_world": [
                1.8955622911453247,
                0.5271317362785339,
                0.715684711933136
            ],
            "name": "google_Schleich_Hereford_Bull_10",
            "projected_cuboid": [
                [
                    64.2227828502655,
                    -10.970979928970337
                ],
                [
                    67.7725076675415,
                    10.00511646270752
                ],
                [
                    76.99243724346161,
                    34.71463918685913
                ],
                [
                    73.15894961357117,
                    13.353124260902405
                ],
                [
                    78.05754244327545,
                    -14.3948495388031
                ],
                [
                    82.2480171918869,
                    6.377071142196655
                ],
                [
                    90.9552276134491,
                    31.160548329353333
                ],
                [
                    86.52466535568237,
                    9.99411940574646
                ],
                [
                    77.52847671508789,
                    9.9993497133255
                ]
            ],
            "provenance": "visii",
            "quaternion_xyzw": [
                -0.007182881236076355,
                0.3344454765319824,
                0.9307066202163696,
                -0.14791814982891083
            ],
            "quaternion_xyzw_world": [
                -0.3756811022758484,
                -0.2205800712108612,
                0.7029436826705933,
                0.5622084140777588
            ],
            "segmentation_id": 11,
            "visibility": 1
        },
        {
            "bounding_box_minx_maxx_miny_maxy": [
                390,
                473,
                163,
                244
            ],
            "class": "Deskstar",
            "local_cuboid": null,
            "local_to_world_matrix": [
                [
                    0.2360689640045166,
                    0.8373595476150513,
                    0.49305200576782227,
                    0.0
                ],
                [
                    -0.7123855352401733,
                    -0.1959538459777832,
                    0.6738760471343994,
                    0.0
                ],
                [
                    0.6608920097351074,
                    -0.5103243589401245,
                    0.550264298915863,
                    0.0
                ],
                [
                    1.5416065454483032,
                    -0.43606045842170715,
                    0.07365710288286209,
                    1.0
                ]
            ],
            "location": [
                0.43606045842170715,
                0.07365710288286209,
                -1.5416065454483032
            ],
            "location_world": [
                1.5416065454483032,
                -0.43606045842170715,
                0.07365710288286209
            ],
            "name": "google_Deskstar_Desk_Top_Hard_Drive_1_TB_11",
            "projected_cuboid": [
                [
                    413.45107555389404,
                    181.31618201732635
                ],
                [
                    424.24818873405457,
                    160.3553146123886
                ],
                [
                    399.1609811782837,
                    195.85202634334564
                ],
                [
                    388.3296847343445,
                    217.33316779136658
                ],
                [
                    463.6964201927185,
                    207.30532705783844
                ],
                [
                    476.42064094543457,
                    186.74299120903015
                ],
                [
                    455.31371235847473,
                    225.43437778949738
                ],
                [
                    442.25069880485535,
                    246.38304114341736
                ],
                [
                    432.93052911758423,
                    201.8452137708664
                ]
            ],
            "provenance": "visii",
            "quaternion_xyzw": [
                0.1934272199869156,
                0.8905234336853027,
                0.3544684648513794,
                0.2095378339290619
            ],
            "quaternion_xyzw_world": [
                0.4695099890232086,
                0.06654494255781174,
                0.6144406199455261,
                0.6305512189865112
            ],
            "segmentation_id": 12,
            "visibility": 1
        },
        {
            "bounding_box_minx_maxx_miny_maxy": [
                263,
                310,
                1,
                33
            ],
            "class": "Home",
            "local_cuboid": null,
            "local_to_world_matrix": [
                [
                    0.8644559383392334,
                    0.29467204213142395,
                    0.4072890281677246,
                    0.0
                ],
                [
                    -0.47602197527885437,
                    0.7402820587158203,
                    0.47474783658981323,
                    0.0
                ],
                [
                    -0.1616138368844986,
                    -0.6042770743370056,
                    0.7802115678787231,
                    0.0
                ],
                [
                    1.9147114753723145,
                    -0.10350079089403152,
                    0.7452255487442017,
                    1.0
                ]
            ],
            "location": [
                0.10350079089403152,
                0.7452255487442017,
                -1.9147114753723145
            ],
            "location_world": [
                1.9147114753723145,
                -0.10350079089403152,
                0.7452255487442017
            ],
            "name": "google_Home_Fashions_Washcloth_Linen_12",
            "projected_cuboid": [
                [
                    301.4815151691437,
                    23.78477156162262
                ],
                [
                    261.97588443756104,
                    -13.094544410705566
                ],
                [
                    256.0778558254242,
                    -4.835546016693115
                ],
                [
                    295.7359552383423,
                    31.600728631019592
                ],
                [
                    315.39207696914673,
                    26.92951261997223
                ],
                [
                    274.30394291877747,
                    -11.89008355140686
                ],
                [
                    268.0389881134033,
                    -3.168046474456787
                ],
                [
                    309.30012464523315,
                    35.15881299972534
                ],
                [
                    285.5614125728607,
                    10.954052209854126
                ]
            ],
            "provenance": "visii",
            "quaternion_xyzw": [
                -0.13130712509155273,
                0.6339964866638184,
                0.4953629970550537,
                0.5791566371917725
            ],
            "quaternion_xyzw_world": [
                0.2932414710521698,
                -0.15460801124572754,
                0.20944784581661224,
                0.9199116230010986
            ],
            "segmentation_id": 13,
            "visibility": 1
        },
        {
            "bounding_box_minx_maxx_miny_maxy": [
                152,
                264,
                227,
                315
            ],
